3 4
7 6
4 6
4 5
9 12
9 11
9 10
9 8
11 10
12 11
13 61
13 60
13 58
13 47
13 46
14 13
15 14
15 13
16 17
17 58
17 48
18 58
18 48
20 21
21 24
21 23
21 22
37 36
25 50
29 28
29 27
29 26
32 31
32 30
32 29
35 34
35 33
35 32
36 38
38 39
38 37
39 41
39 40
42 63
42 53
44 59
44 58
44 57
44 48
44 45
44 7
44 3
45 59
45 47
45 46
45 9
46 61
46 60
46 58
46 57
46 49
46 48
46 47
46 44
47 61
47 60
47 59
47 58
47 57
47 49
47 48
47 46
47 45
48 62
48 60
48 58
48 50
48 46
48 19
49 61
49 59
49 47
49 45
49 26
49 20
50 63
50 62
50 61
50 60
50 57
50 53
50 52
50 51
50 49
50 46
50 37
51 54
51 49
51 36
51 35
53 63
53 62
53 48
54 62
54 55
54 50
54 43
55 64
55 63
55 56
55 53
56 64
56 54
56 51
57 58
57 48
57 44
57 3
58 62
58 61
58 60
58 57
58 49
58 48
58 47
58 46
58 44
58 19
59 58
59 57
59 47
59 46
59 45
59 44
59 7
60 62
60 61
60 58
60 57
60 50
60 49
60 48
60 47
60 46
60 44
61 60
61 59
61 58
61 57
61 49
61 48
61 47
61 46
61 45
61 26
62 63
62 61
62 60
62 57
62 53
62 52
62 50
62 49
62 48
62 46
62 37
63 62
63 53
63 48
64 56
64 55
64 54
64 51
